Bezeichnung                      |  Fold 1 |  Fold 2 |  Fold 3 |  Fold 4 |  Fold 5 |     Avg
------------------------------------------------------------------------------------------

activation function:
LeakyReLU                        |  0.5936 |  0.4964 |  0.5164 |  0.5162 |  0.5427 |  0.5331
ELU                              |  0.5673 |  0.4594 |  0.5028 |  0.4815 |  0.5129 |  0.5048
GELU                             |  0.6251 |  0.4807 |  0.5254 |  0.4882 |  0.5345 |  0.5308

learing rate:
lr1e-05                          |  0.5394 |  0.5381 |  0.5271 |  0.5610 |  0.5837 |  0.5499
lr1e-03                          |  0.5350 |  0.5328 |  0.5207 |  0.5479 |  0.5858 |  0.5444

optimizer:
RMSprop                          |  0.3787 |  0.3172 |  0.2963 |  0.3516 |  0.3778 |  0.3443
AdamW                            |  0.5383 |  0.5333 |  0.5164 |  0.5694 |  0.5765 |  0.5468
